dati dell'utente risultano nel fit: (620.703, 377.869, 208.386)
chi2 da analitica: 220.26
chi2 da numerica: 220.15
parametri:(624.049, 381.876, 215.855)(624.11, 381.999, 215.946)(0.0608958, 0.123167, 0.0917373)
624.11 381.999 215.946
220.15
derivata xc: 0.0417094
derivata yc: 0.0481144
derivata r : 0.0899387
|32.9065, 3.83286, -23.7946|
|3.83286, 38.09, -44.5005|
|-23.7946, -44.5005, 71.1593|



 The Inverse Of Matrix Is :

 0.0765959       0.0824677       0.077185
 0.0824677       0.186247        0.144048
 0.077185        0.144048        0.129945
params: (624.11, 381.999, 215.946)
-3.12264 217.895
-3.0917 217.684
-3.06081 217.741
-3.02991 217.458
-2.99911 218.241
-2.96804 215.321
-2.93731 216.582
-2.90651 216.665
-2.87566 215.969
-2.84486 215.654
-2.81406 215.01
-2.78326 214.225
-2.75257 214.903
-2.72181 214.227
-2.69109 214.082
-2.6604 214.333
-2.62973 214.853
-2.59901 213.933
-2.56837 214.795
-2.53773 215.637
-2.50703 214.567
-2.47634 213.14
-2.4457 212.998
-2.41509 214.501
-2.38445 214.818
-2.35382 215.151
-2.32318 215.235
-2.29255 215.835
-2.26191 215.448
-2.23127 216.44
-2.20063 217.243
-2.16998 217.501
-2.13934 217.4
-2.10867 218.004
-2.07799 219.332
-2.04734 218.839
-2.0167 217.679
-1.98603 217.664
-1.95535 217.853
-1.92474 215.769
-1.89401 216.908
-1.8633 217.211
-1.83257 217.565
-1.80191 216.296
-1.77117 216.684
-1.74039 217.276
-1.70952 219.187
-1.67895 215.95
-1.64826 214.62
-1.61735 216.328
-1.58649 217.105
-1.55573 216.173
-1.52483 217.058
-1.494 216.643
-1.46322 215.537
-1.43231 215.721
-1.40155 214.122
-1.37087 211.413
-1.33991 211.669
-1.30875 213.736
-1.27766 214.893
-1.2466 215.388
-1.2157 214.104
-1.18454 215.221
-1.15342 215.667
-1.12249 214.148
-1.09125 215.322
-1.06019 214.623
-1.02886 216.157
-0.99766 216.265
-0.966434 216.415
-0.935133 217.02
-0.904063 215.357
-0.872782 215.358
-0.841601 214.282
-0.810056 216.162
-0.778325 219.514
-0.747145 217.74
-0.715846 216.822
-0.684323 217.67
2.85062 214.816
2.88184 213.907
2.91279 215.277
2.94383 215.592
2.97483 216.083
3.00587 215.981
3.03682 216.605
3.06786 216.036
3.09873 217.142
3.12962 217.779


 ora i punti in x-y:
(406.254, 377.869, 0)
(406.697, 371.144, 0)
(407.079, 364.429, 0)
(408.007, 357.763, 0)
(408.08, 351.009, 0)
(412.024, 344.817, 0)
(412.032, 338.063, 0)
(413.404, 331.532, 0)
(415.732, 325.242, 0)
(417.881, 318.944, 0)
(420.53, 312.829, 0)
(423.492, 306.869, 0)
(425.264, 300.489, 0)
(428.483, 294.688, 0)
(431.388, 288.784, 0)
(434.116, 282.798, 0)
(436.794, 276.764, 0)
(440.902, 271.535, 0)
(443.648, 265.506, 0)
(446.609, 259.555, 0)
(451.312, 254.799, 0)
(456.419, 250.437, 0)
(460.638, 245.452, 0)
(463.771, 239.515, 0)
(467.98, 234.452, 0)
(472.337, 229.503, 0)
(477.022, 224.864, 0)
(481.507, 219.983, 0)
(486.784, 215.989, 0)
(491.326, 211.077, 0)
(496.152, 206.439, 0)
(501.446, 202.388, 0)
(507.062, 198.799, 0)
(512.423, 194.778, 0)
(517.574, 190.278, 0)
(523.727, 187.542, 0)
(530.23, 185.605, 0)
(536.303, 182.832, 0)
(542.383, 180.056, 0)
(549.324, 179.605, 0)
(555.216, 176.322, 0)
(561.478, 174.014, 0)
(567.805, 171.846, 0)
(574.564, 171.455, 0)
(580.983, 169.65, 0)
(587.438, 167.84, 0)
(593.801, 164.917, 0)
(600.799, 167.311, 0)
(607.501, 168.023, 0)
(614.042, 165.906, 0)
(620.703, 164.921, 0)
(627.366, 165.851, 0)
(634.085, 165.17, 0)
(640.731, 165.995, 0)
(647.252, 167.708, 0)
(653.888, 168.344, 0)
(660.177, 170.937, 0)
(666.095, 174.797, 0)
(672.548, 175.947, 0)
(679.479, 175.559, 0)
(686.205, 176.273, 0)
(692.721, 177.832, 0)
(698.549, 181.252, 0)
(705.188, 182.634, 0)
(711.533, 184.846, 0)
(716.93, 189.013, 0)
(723.454, 190.965, 0)
(728.998, 194.752, 0)
(735.603, 196.815, 0)
(741.384, 200.292, 0)
(747.085, 203.919, 0)
(752.957, 207.368, 0)
(757.291, 212.762, 0)
(762.52, 217.009, 0)
(766.879, 222.207, 0)
(773.145, 225.427, 0)
(780.424, 227.881, 0)
(783.851, 234.035, 0)
(787.711, 239.708, 0)
(792.771, 244.399, 0)
(418.323, 443.626, 0)
(417.379, 436.94, 0)
(414.444, 430.827, 0)
(412.72, 424.359, 0)
(411.025, 417.867, 0)
(410.115, 411.223, 0)
(408.693, 404.652, 0)
(408.661, 397.913, 0)
(407.167, 391.304, 0)
(406.346, 384.605, 0)