dati dell'utente risultano nel fit: (621.132, 377.198, 201.953)
chi2 da analitica: 260.329
chi2 da numerica: 260.216
parametri:(624.297, 381.544, 206.02)(624.378, 381.635, 206.096)(0.0801899, 0.0916702, 0.0765812)
624.378 381.635 206.096
260.216
derivata xc: 0.0445421
derivata yc: 0.0483176
derivata r : 0.0929043
|30.8224, 2.95395, -23.9413|
|2.95395, 33.4519, -37.6051|
|-23.9413, -37.6051, 64.3185|



 The Inverse Of Matrix Is :

 0.0887084       0.0854473       0.0829784
 0.0854473       0.169526        0.130923
 0.0829784       0.130923        0.122981
params: (624.378, 381.635, 206.096)
-3.12043 209.679
-3.08939 208.463
-3.05846 208.201
-3.02749 207.204
-2.99674 208.317
-2.96594 208.627
-2.93505 207.878
-2.90411 206.209
-2.87328 205.568
-2.84246 204.823
-2.81174 205.068
-2.78095 204.201
-2.75029 204.83
-2.71956 204.356
-2.68888 204.398
-2.65818 203.872
-2.62751 203.521
-2.59685 203.176
-2.56628 204.353
-2.53565 204.176
-2.505 203.398
-2.47441 203.777
-2.4438 203.452
-2.41322 203.802
-2.38265 204.461
-2.35208 205.167
-2.32148 203.695
-2.29091 204.207
-2.26035 205.317
-2.22977 205.43
-2.1992 205.65
-2.16862 206.932
-2.13803 206.806
-2.10744 207.354
-2.07686 207.352
-2.04626 207.531
-2.01568 206.758
-1.98508 206.898
-1.95443 208.198
-1.92385 207.188
-1.89328 205.996
-1.86263 206.638
-1.83193 207.99
-1.80127 208.204
-1.77069 206.761
-1.74004 206.492
-1.7093 207.373
-1.67861 207.424
-1.64792 207.131
-1.61723 206.646
-1.58648 206.927
-1.55575 206.697
-1.52508 205.574
-1.49426 205.962
-1.46358 204.713
-1.43261 206.403
-1.40169 207.264
-1.37095 206.085
-1.34018 205.046
-1.30913 206.624
-1.27818 206.962
-1.2473 206.377
-1.21625 207.261
-1.18541 205.97
-1.15455 204.723
-1.12335 206.239
-1.09233 206.014
-1.06118 206.609
-1.03012 206.294
-0.998837 207.632
-0.967772 206.951
-0.936651 206.525
-0.90565 204.967
-0.874272 206.195
-0.843101 205.591
-0.811834 205.53
-0.780502 205.778
-0.749301 204.82
-0.718248 202.553
2.72831 203.36
2.75961 202.928
2.79074 203.574
2.82188 203.95
2.8528 205.978
2.88387 206.498
2.91505 205.992
2.9462 205.519
2.97705 207.435
3.008 208.298
3.03895 208.963
3.06996 208.921
3.10083 209.907
3.13175 210.403


 ora i punti in x-y:
(414.746, 377.198, 0)
(416.199, 370.757, 0)
(416.895, 364.348, 0)
(418.521, 358.045, 0)
(418.242, 351.566, 0)
(418.961, 345.177, 0)
(420.918, 339.004, 0)
(423.956, 333.123, 0)
(426.165, 327.138, 0)
(428.65, 321.276, 0)
(430.365, 315.213, 0)
(433.313, 309.578, 0)
(435.031, 303.515, 0)
(437.952, 297.928, 0)
(440.569, 292.231, 0)
(443.866, 286.876, 0)
(447.163, 281.557, 0)
(450.609, 276.35, 0)
(452.921, 270.447, 0)
(456.553, 265.349, 0)
(460.82, 260.724, 0)
(464.297, 255.544, 0)
(468.48, 250.913, 0)
(472.288, 245.974, 0)
(476.028, 240.935, 0)
(479.9, 235.966, 0)
(485.43, 232.689, 0)
(489.709, 228.127, 0)
(493.757, 223.227, 0)
(498.591, 219.218, 0)
(503.486, 215.271, 0)
(507.908, 210.593, 0)
(513.26, 207.218, 0)
(518.366, 203.43, 0)
(523.867, 200.273, 0)
(529.38, 197.124, 0)
(535.398, 195.003, 0)
(541.094, 192.24, 0)
(546.45, 188.571, 0)
(552.739, 187.227, 0)
(559.093, 186.258, 0)
(564.926, 183.734, 0)
(570.68, 180.697, 0)
(576.816, 178.937, 0)
(583.323, 178.991, 0)
(589.597, 178.094, 0)
(595.747, 176.249, 0)
(602.058, 175.416, 0)
(608.419, 175.12, 0)
(614.785, 175.213, 0)
(621.132, 174.734, 0)
(627.488, 174.961, 0)
(633.773, 176.276, 0)
(640.125, 176.276, 0)
(646.285, 178.098, 0)
(652.809, 177.2, 0)
(659.26, 177.328, 0)
(665.289, 179.652, 0)
(671.246, 182.018, 0)
(677.829, 182.045, 0)
(684.078, 183.471, 0)
(689.981, 185.963, 0)
(696.332, 187.265, 0)
(701.806, 190.773, 0)
(707.154, 194.393, 0)
(713.61, 195.7, 0)
(719.231, 198.757, 0)
(725.17, 201.28, 0)
(730.56, 204.767, 0)
(736.765, 207.05, 0)
(741.747, 211.186, 0)
(746.741, 215.263, 0)
(750.878, 220.362, 0)
(756.663, 223.468, 0)
(761.126, 228.119, 0)
(765.817, 232.513, 0)
(770.595, 236.843, 0)
(774.34, 242.127, 0)
(776.892, 248.342, 0)
(438.139, 463.308, 0)
(436.075, 457.279, 0)
(433.206, 451.603, 0)
(430.762, 445.735, 0)
(426.929, 440.298, 0)
(424.699, 434.267, 0)
(423.649, 427.903, 0)
(422.769, 421.537, 0)
(419.744, 415.614, 0)
(417.936, 409.381, 0)
(416.515, 403.047, 0)
(415.993, 396.589, 0)
(414.645, 390.189, 0)
(413.985, 383.707, 0)