dati dell'utente risultano nel fit: (618.436, 377.717, 204.919)
chi2 da analitica: 200.097
chi2 da numerica: 200.02
parametri:(622.761, 380.218, 209.438)(622.823, 380.304, 209.506)(0.0616752, 0.0860067, 0.0681436)
622.823 380.304 209.506
200.02
derivata xc: 0.0437354
derivata yc: 0.048127
derivata r : 0.0919032
|39.0236, 3.86663, -28.7041|
|3.86663, 42.9313, -49.2387|
|-28.7041, -49.2387, 81.9011|



 The Inverse Of Matrix Is :

 0.064466        0.0647611       0.0615278
 0.0647611       0.140081        0.106913
 0.0615278       0.106913        0.0980496
params: (622.823, 380.304, 209.506)
-3.12941 212.361
-3.09867 212.742
-3.0679 212.346
-3.03713 211.676
-3.00641 212.008
-2.97563 210.471
-2.94495 210.991
-2.91424 210.855
-2.88348 208.662
-2.85278 207.858
-2.82214 208.598
-2.79146 208.318
-2.7608 208.228
-2.73013 207.235
-2.6995 208.09
-2.66885 208.152
-2.6382 207.575
-2.60755 207.977
-2.57691 207.569
-2.54625 208.61
-2.51561 207.969
-2.48497 206.932
-2.45433 206.467
-2.42366 207.19
-2.393 207.106
-2.36231 208.128
-2.33163 208.3
-2.30095 208.233
-2.27026 208.228
-2.23953 208.875
-2.20877 210.067
-2.17804 210.126
-2.14728 210.671
-2.11651 211.128
-2.08574 211.37
-2.05496 211.464
-2.02425 210.463
-1.99339 211.392
-1.96258 211.349
-1.93179 210.919
-1.90095 210.905
-1.87009 210.99
-1.83923 210.722
-1.80834 210.765
-1.77748 210.302
-1.74657 210.181
-1.71554 211.161
-1.68469 209.955
-1.65371 209.915
-1.62267 210.385
-1.59165 210.361
-1.56063 210.164
-1.52965 209.352
-1.49863 208.786
-1.46751 209.045
-1.43641 208.736
-1.40532 208.245
-1.37407 209.001
-1.34286 209.191
-1.3119 206.926
-1.28044 208.893
-1.24913 209.326
-1.21789 208.903
-1.18666 208.245
-1.15526 208.81
-1.1239 208.847
-1.09254 208.697
-1.06098 210.034
-1.02959 209.683
-0.99808 210.159
-0.966533 210.772
-0.934991 211.142
-0.903642 209.606
-0.872115 209.42
-0.840428 210.445
-0.808802 210.733
-0.777216 210.445
-0.7458 208.415
-0.714239 207.472
-0.682468 208.215
2.78409 206.345
2.81492 207.452
2.84574 208.529
2.87663 208.629
2.90742 209.646
2.93829 209.705
2.96914 209.632
2.99993 210.228
3.03075 210.314
3.06156 210.317
3.09229 211.19
3.12299 212.516


 ora i punti in x-y:
(410.478, 377.717, 0)
(410.277, 371.175, 0)
(411.053, 364.669, 0)
(412.301, 358.231, 0)
(412.75, 351.733, 0)
(415.244, 345.534, 0)
(415.899, 339.081, 0)
(417.394, 332.778, 0)
(421.073, 327.043, 0)
(423.573, 321.104, 0)
(424.779, 314.794, 0)
(427.144, 308.847, 0)
(429.51, 302.916, 0)
(432.884, 297.421, 0)
(434.739, 291.276, 0)
(437.501, 285.526, 0)
(440.998, 280.169, 0)
(443.806, 274.44, 0)
(447.478, 269.223, 0)
(450.103, 263.318, 0)
(454.288, 258.456, 0)
(458.921, 253.984, 0)
(463.227, 249.316, 0)
(466.774, 244.008, 0)
(471.087, 239.347, 0)
(474.758, 234.038, 0)
(479.195, 229.44, 0)
(483.935, 225.155, 0)
(488.765, 220.971, 0)
(493.322, 216.42, 0)
(497.714, 211.557, 0)
(502.923, 207.744, 0)
(507.99, 203.681, 0)
(513.241, 199.841, 0)
(518.726, 196.344, 0)
(524.392, 193.145, 0)
(530.626, 191.11, 0)
(536.126, 187.509, 0)
(542.122, 184.969, 0)
(548.326, 182.979, 0)
(554.451, 180.789, 0)
(560.615, 178.694, 0)
(566.934, 177.129, 0)
(573.226, 175.458, 0)
(579.667, 174.478, 0)
(586.07, 173.362, 0)
(592.366, 171.351, 0)
(598.963, 171.71, 0)
(605.438, 171.111, 0)
(611.915, 170.202, 0)
(618.436, 169.989, 0)
(624.959, 170.151, 0)
(631.434, 171.13, 0)
(637.877, 172.061, 0)
(644.377, 172.373, 0)
(650.789, 173.45, 0)
(657.125, 174.904, 0)
(663.674, 175.334, 0)
(670.094, 176.524, 0)
(675.799, 180.274, 0)
(682.628, 180.155, 0)
(689.001, 181.715, 0)
(695.025, 184.276, 0)
(700.865, 187.235, 0)
(707.116, 189.264, 0)
(713.08, 191.967, 0)
(718.873, 195.024, 0)
(725.324, 196.979, 0)
(730.846, 200.588, 0)
(736.712, 203.68, 0)
(742.574, 206.855, 0)
(748.205, 210.421, 0)
(752.517, 215.641, 0)
(757.524, 219.953, 0)
(763.22, 223.538, 0)
(768.306, 227.847, 0)
(772.843, 232.719, 0)
(775.913, 238.882, 0)
(779.587, 244.401, 0)
(784.402, 248.981, 0)
(429.525, 452.512, 0)
(426.342, 446.875, 0)
(423.354, 441.103, 0)
(421.475, 434.939, 0)
(418.899, 428.949, 0)
(417.437, 422.646, 0)
(416.301, 416.276, 0)
(414.701, 409.985, 0)
(413.8, 403.568, 0)
(413.18, 397.119, 0)
(411.889, 390.712, 0)
(410.344, 384.256, 0)